r/a,ne,nD,nT,nHe
0.0,1.857800574596834,0.7991024123238721,0.7991024123238721,0.05573401723790502
0.006085874590163934,1.8577215074620916,0.7990736353110571,0.7990736353110571,0.055731645223862744
0.012172413114754099,1.8574842081914247,0.7989872743595063,0.7989872743595063,0.05572452624574275
0.01826069631147541,1.857088235472162,0.7988431490229801,0.7988431490229801,0.05571264706416485
0.024347176229508195,1.856533438936714,0.7986411896583908,0.7986411896583908,0.05569600316810143
0.030429945081967214,1.8558196095010422,0.7983812876217321,0.7983812876217321,0.05567458828503127
0.03651451065573771,1.8549465796650855,0.798063338469858,0.798063338469858,0.05564839738995255
0.04260668442622951,1.8539143237745885,0.797687285747714,0.797687285747714,0.05561742971323766
0.04870763524590164,1.8527228582438011,0.7972530756665271,0.7972530756665271,0.05558168574731402
0.05481377868852459,1.851372191738595,0.7967606374605409,0.7967606374605409,0.055541165752157846
0.06092039344262295,1.8498624253196183,0.7962099266319992,0.7962099266319992,0.055495872759588546
0.06702497131147542,1.8481938525451354,0.7956009660424411,0.7956009660424411,0.05544581557635406
0.0731258155737705,1.8463666595333073,0.7949337192331966,0.7949337192331966,0.05539099978599921
0.07922181147540984,1.8443811249836988,0.7942081731944668,0.7942081731944668,0.05533143374951097
0.0853128319672131,1.8422377201578812,0.7934243848182436,0.7934243848182436,0.05526713160473643
0.09139934836065573,1.8399367588190558,0.7925823287634772,0.7925823287634772,0.05519810276457167
0.09748284016393442,1.8374788471307086,0.7916820895541344,0.7916820895541344,0.055124365413921246
0.10356489344262296,1.8348644335143378,0.7907236709430289,0.7907236709430289,0.05504593300543013
0.10964709426229509,1.8320942584663982,0.7897071849762601,0.7897071849762601,0.05496282775399194
0.11573105737704917,1.8291689543346572,0.7886326862663252,0.7886326862663252,0.054875068630039714
0.12181760655737704,1.8260891950542104,0.7875002296145602,0.7875002296145602,0.0547826758516263
0.1279069631147541,1.8228558958435028,0.7863099605203214,0.7863099605203214,0.05468567687530508
0.1339992049180328,1.8194698628607262,0.7850619629308419,0.7850619629308419,0.054584095885821776
0.1400945,1.8159320428210635,0.783756367340367,0.783756367340367,0.0544779612846319
0.14619314754098361,1.812243372575293,0.7823932848147176,0.7823932848147176,0.054367301177258784
0.15229547131147542,1.8084049286503272,0.7809728737217113,0.7809728737217113,0.05425214785950981
0.1584012049180328,1.8044177767523373,0.7794952736351004,0.7794952736351004,0.05413253330257012
0.1645098237704918,1.8002831212331591,0.7779606702280041,0.7779606702280041,0.05400849363699479
0.17062011475409836,1.796002104520737,0.7763692087492717,0.7763692087492717,0.0538800631356221
0.17673006147540984,1.7915760065144246,0.774721082104756,0.774721082104756,0.053747280195432734
0.1828380655737705,1.787006193946013,0.7730165077738381,0.7730165077738381,0.05361018581838038
0.18894282786885247,1.7822939697074078,0.7712556631509649,0.7712556631509649,0.05346881909122223
0.1950435450819672,1.7774407721459256,0.7694387723934945,0.7694387723934945,0.053323223164377764
0.20113996721311478,1.7724480743282383,0.7675660647024902,0.7675660647024902,0.05317344222984715
0.20723237704918032,1.7673174332740371,0.7656377937186325,0.7656377937186325,0.05301952299822111
0.21332122540983608,1.7620503891605146,0.7636541965811862,0.7636541965811862,0.052861511674815446
0.21940666803278688,1.7566486144988425,0.7616155593722821,0.7616155593722821,0.05269945843496528
0.22548851639344264,1.751113663283823,0.7595221074264156,0.7595221074264156,0.052533409898514696
0.2315665573770492,1.7454473201179577,0.7573741577241723,0.7573741577241723,0.05236341960353873
0.23764074180327868,1.739651349311192,0.755172013138657,0.755172013138657,0.052189540479335765
0.24371089344262298,1.733728372142498,0.7529156463569411,0.7529156463569411,0.052011851164274946
0.24977685655737705,1.7276835451013863,0.7506041369097722,0.7506041369097722,0.05183050635304158
0.25583825819672135,1.7215043694313625,0.748228014811815,0.748228014811815,0.05164513108294088
0.2618942868852459,1.7151742239303054,0.7457779291920902,0.7457779291920902,0.05145522671790917
0.2679438729508197,1.7086936584012264,0.7432537633457993,0.7432537633457993,0.05126080975203679
0.2739860163934426,1.702065592775795,0.7406567506713608,0.7406567506713608,0.05106196778327385
0.28001997950819674,1.695293166226685,0.7379882841722533,0.7379882841722533,0.05085879498680055
0.28604527459016393,1.6883794862699177,0.7352497601912134,0.7352497601912134,0.05065138458809752
0.2920615942622951,1.6813278278583736,0.7324426588742384,0.7324426588742384,0.05043983483575121
0.29806859836065575,1.6741413824676519,0.7295684298798328,0.7295684298798328,0.05022424147402955
0.30406603278688527,1.6668234571754565,0.7266285791230047,0.7266285791230047,0.0500047037152637
0.3100536352459016,1.6593775237356951,0.7236246891070612,0.7236246891070612,0.04978132571207085
0.3160311393442623,1.6518069176484538,0.7205582888902701,0.7205582888902701,0.04955420752945361
0.3219983729508197,1.6441151372270308,0.7174309829375328,0.7174309829375328,0.049323454116810925
0.32795520901639347,1.6363055926631882,0.7142443454024846,0.7142443454024846,0.04908916777989564
0.333901618852459,1.628381405091771,0.7109998402755985,0.7109998402755985,0.04885144215275313
0.3398374836065574,1.6203441056558519,0.7076983245932565,0.7076983245932565,0.04861032316967555
0.3457623565573771,1.6121788780903854,0.7043340301848622,0.7043340301848622,0.04836536634271156
0.35167582377049184,1.6038223004096837,0.7008811104690525,0.7008811104690525,0.04811466901229051
0.35757776639344263,1.5952245618972871,0.6973191977928623,0.6973191977928623,0.04785673685691861
0.36346845901639346,1.5863854323575106,0.6936523823445568,0.6936523823445568,0.04759156297072532
0.3693483401639345,1.5773076494009772,0.6898778936551816,0.6898778936551816,0.04731922948202931
0.3752170942622951,1.5679946212139106,0.6859971559156519,0.6859971559156519,0.04703983863641732
0.38107453278688525,1.5584498295610487,0.6820115563118299,0.6820115563118299,0.04675349488683146
0.38692120901639343,1.5486765830107976,0.6779224088710678,0.6779224088710678,0.04646029749032392
0.39275775,1.5386780203718626,0.6737309579162772,0.6737309579162772,0.046160340611155884
0.39858583196721314,1.5284572143311912,0.6694384232541571,0.6694384232541571,0.04585371642993574
0.40440737704918034,1.5180171252835593,0.6650459804711588,0.6650459804711588,0.045540513758506776
0.41022422131147546,1.5073605053436678,0.6605547179261609,0.6605547179261609,0.045220815160310034
0.4160397950819672,1.4964900525320106,0.6559657042880821,0.6559657042880821,0.04489470157596032
0.4218570901639344,1.4854084651261905,0.6512800126781415,0.6512800126781415,0.04456225395378571
0.4276770901639344,1.4741183461696632,0.6464986759116031,0.6464986759116031,0.0442235503850899
0.43349983606557374,1.4626236081301962,0.6416232923970117,0.6416232923970117,0.04387870824390588
0.4393275,1.4509345277005123,0.636658183531265,0.636658183531265,0.043528035831015374
0.4451613524590164,1.4391024248955901,0.6316252794757226,0.6316252794757226,0.0431730727468677
0.4510001229508197,1.4272904968757272,0.6265946544106955,0.6265946544106955,0.04281871490627181
0.4568454508196721,1.4156376943956845,0.6216261652443317,0.6216261652443317,0.042469130831870525
0.4626970081967213,1.4041672037201205,0.6167300379282588,0.6167300379282588,0.042125016111603616
0.46855241803278685,1.3928845280527213,0.61190893855986,0.61190893855986,0.04178653584158164
0.47440963114754103,1.3817917433437938,0.6071640626454549,0.6071640626454549,0.041453752300313826
0.48026573770491804,1.3708903040079825,0.6024963356957719,0.6024963356957719,0.041126709120239476
0.48611606557377046,1.360181348543228,0.597906543679313,0.597906543679313,0.04080544045629684
0.4919553278688525,1.3496656550432482,0.5933953092536504,0.5933953092536504,0.040489969651297454
0.4977795901639344,1.3393439465968893,0.58896322606931,0.58896322606931,0.04018031839790668
0.5035855737704918,1.329216546568755,0.5846107068292823,0.5846107068292823,0.03987649639706266
0.5093719262295082,1.3192837837564833,0.5803381605175036,0.5803381605175036,0.0395785135126945
0.5151379098360656,1.3095456474209655,0.5761458397604394,0.5761458397604394,0.03928636942262897
0.5208820901639345,1.3000021421866743,0.5720339983007241,0.5720339983007241,0.03900006426560024
0.5266037704918033,1.2906527928100773,0.5680026706595783,0.5680026706595783,0.03871958378430231
0.5323026229508196,1.281496948814867,0.564051810091436,0.564051810091436,0.038444908464446016
0.5379782786885247,1.2725322389934652,0.5601806194678117,0.5601806194678117,0.03817596716980397
0.5436306967213115,1.2637474512119045,0.5563844874124639,0.5563844874124639,0.03791242353635713
0.5492597950819672,1.2551051028554274,0.5526474772716892,0.5526474772716892,0.037653153085662826
0.5548656147540983,1.2465716051454994,0.5489552777358087,0.5489552777358087,0.03739714815436498
0.5604481557377049,1.2381398454418342,0.54530494055434,0.54530494055434,0.03714419536325502
0.5660072540983606,1.2298072267631048,0.5416954545182416,0.5416954545182416,0.03689421680289315
0.5715427868852458,1.2215720174546407,0.5381261766710397,0.5381261766710397,0.03664716052363921
0.5770546721311476,1.213432500864066,0.5345964632909297,0.5345964632909297,0.03640297502592198
0.5825428278688525,1.2053871750246707,0.5311057606822754,0.5311057606822754,0.036161615250740124
0.5880072950819673,1.1974345023463098,0.5276534945620474,0.5276534945620474,0.0359230350703893
0.5934481147540984,1.1895728593136528,0.524239048791186,0.524239048791186,0.03568718577940958
0.5988652049180329,1.181800786191575,0.52086187475312,0.52086187475312,0.035454023585747244
0.6042586065573771,1.1741168867375325,0.5175214481623748,0.5175214481623748,0.03522350660212596
0.6096282786885245,1.16651967792072,0.5142172024012467,0.5142172024012467,0.0349955903376216
0.6149742622950819,1.1590076896478598,0.5109485730923488,0.5109485730923488,0.0347702306894358
0.6202965163934426,1.1515796144954387,0.507715063926978,0.507715063926978,0.03454738843486316
0.6255950819672131,1.1442339074482364,0.5045160709195015,0.5045160709195015,0.03432701722344709
0.6308699180327869,1.1369686356439923,0.5013508164018573,0.5013508164018573,0.03410905906931976
0.6361209426229508,1.1297789882150449,0.49821725786294585,0.49821725786294585,0.03389336964645135
0.6413481967213115,1.122648500877207,0.49510823309158203,0.49510823309158203,0.033679455026316196
0.646551475409836,1.1155631619745265,0.4920176475200871,0.4920176475200871,0.033466894859235805
0.6517308196721312,1.1085212635581991,0.4889448016231298,0.4889448016231298,0.03325563790674597
0.6568862704918033,1.1015229390201935,0.4858898013073595,0.4858898013073595,0.033045688170605804
0.6620179508196722,1.0945684631840114,0.4828528137655569,0.4828528137655569,0.03283705389552033
0.6671258196721312,1.087658202397644,0.47983404476131014,0.47983404476131014,0.03262974607192931
0.6722095081967213,1.0807924646286409,0.47683367270114785,0.47683367270114785,0.032423773938859216
0.6772693032786885,1.0739716995611797,0.47385193825304683,0.47385193825304683,0.032219150986835386
0.6823050819672132,1.067196198695037,0.4708890102748858,0.4708890102748858,0.0320158859608511
0.687316762295082,1.060466245446359,0.4679450536622877,0.4679450536622877,0.031813987363390764
0.6923043032786885,1.0537822152501395,0.4650202721361729,0.4650202721361729,0.03161346645750418
0.6972676229508197,1.0471443756642982,0.4621148210914245,0.4621148210914245,0.031414331269928944
0.7022067213114754,1.040553036475272,0.459228873442182,0.459228873442182,0.031216591094258152
0.707121475409836,1.03400839980502,0.45636255346413307,0.45636255346413307,0.0310202519941506
0.7120118032786886,1.0275107602193545,0.4535160255441253,0.4535160255441253,0.030825322806580634
0.7168775819672132,1.0210600048375018,0.4506892744309738,0.4506892744309738,0.030631800145125055
0.7217187704918033,1.0146545675387364,0.4478816493894109,0.4478816493894109,0.030439637026162095
0.7265352049180328,1.008289119151131,0.44509085787736685,0.44509085787736685,0.030248673574533924
0.7313268442622951,1.001958781804473,0.4423147995840732,0.4423147995840732,0.030058763454134184
0.7360935245901639,0.9956628510812129,0.4395531912450392,0.4395531912450392,0.02986988553243638
0.7408351639344263,0.989401912957287,0.4368063130456872,0.4368063130456872,0.029682057388718604
0.7455516393442623,0.9831766789017499,0.4340744993621727,0.4340744993621727,0.029495300367052498
0.7502427868852459,0.9769878659798215,0.43135808660082425,0.43135808660082425,0.029309635979394642
0.754908524590164,0.9708361669592102,0.4286574001099914,0.4286574001099914,0.029125085008776305
0.7595487295081967,0.9647222554195606,0.4259727564299358,0.4259727564299358,0.02894166766258682
0.7641631967213115,0.9586467958648812,0.4233044677740014,0.4233044677740014,0.02875940387594644
0.7687518442622951,0.9526104238388102,0.4206528332193416,0.4206528332193416,0.028578312715164297
0.7733144262295083,0.9466137560425736,0.4180181431998554,0.4180181431998554,0.02839841268127721
0.7778508606557377,0.9406573854554998,0.41540067733579056,0.41540067733579056,0.028219721563664993
0.7823609426229509,0.9347418914579484,0.41280070889353365,0.41280070889353365,0.028042256743738444
0.7868445081967214,0.9288678249565172,0.4102184982371929,0.4102184982371929,0.02786603474869551
0.7913013524590164,0.9230356685113952,0.4076542752809841,0.4076542752809841,0.027691070055341854
0.7957312704918033,0.9172456814657288,0.40510817117643794,0.40510817117643794,0.027517370443971862
0.8001340163934426,0.9114975060306769,0.40258004449463386,0.40258004449463386,0.0273449251809203
0.8045093852459017,0.9057869283280048,0.4000680524500742,0.4000680524500742,0.027173607849840138
0.808857131147541,0.9001101000891456,0.3975705124566342,0.3975705124566342,0.027003303002674357
0.8131770901639345,0.8944671916306483,0.3950875138112794,0.3950875138112794,0.02683401574891945
0.8174690983606558,0.8888590455323101,0.3926194417300348,0.3926194417300348,0.026665771365969305
0.8217329508196721,0.8832878117762535,0.3901672561095647,0.3901672561095647,0.026498634353287597
0.8259685655737706,0.8777635078917234,0.3877353768300373,0.3877353768300373,0.02633290523675171
0.8301756147540983,0.8723420013706096,0.3853483887861873,0.3853483887861873,0.02617026004111829
0.8343539344262295,0.8668910352926695,0.3829481546577599,0.3829481546577599,0.026006731058780087
0.8385034016393443,0.861477119110981,0.3805639277111309,0.3805639277111309,0.025844313573329423
0.8426237704918033,0.8561006448644775,0.3781958950845449,0.3781958950845449,0.025683019345934324
0.8467148770491805,0.8507631872934006,0.37584476567113406,0.37584476567113406,0.025522895618802013
0.8507765573770492,0.8454673772607142,0.3735117159288092,0.3735117159288092,0.02536402131782143
0.8548085655737705,0.8402164317533517,0.3711981842853379,0.3711981842853379,0.025206492952600544
0.8588105327868854,0.8350154936103037,0.36890647081679906,0.36890647081679906,0.02505046480830911
0.8627820901639345,0.829873270934849,0.3666404659974864,0.3666404659974864,0.02489619812804547
0.866722868852459,0.8248013138442858,0.36440532416495724,0.36440532416495724,0.02474403941532858
0.8706324590163935,0.8198120190404521,0.3622065710620383,0.3622065710620383,0.02459436057121356
0.8745104918032788,0.8149162048509347,0.3600490214027413,0.3600490214027413,0.024447486145528042
0.8783567213114754,0.8101211660484416,0.3579359124439238,0.3579359124439238,0.02430363498145324
0.8821709016393442,0.8054299210257099,0.35586857078894435,0.35586857078894435,0.0241628976307713
0.8859528278688524,0.800841888499352,0.35384671694782444,0.35384671694782444,0.024025256654980558
0.8897020491803278,0.7963546815352599,0.35186926700525956,0.35186926700525956,0.023890640446057806
0.8934181967213115,0.7919663044434508,0.3499353119636846,0.3499353119636846,0.023758989133303522
0.89710131147541,0.787675459147503,0.348044253772835,0.348044253772835,0.02363026377442509
0.9007501639344262,0.7834808203383995,0.34619548254154303,0.34619548254154303,0.02350442461015198
0.9043640573770492,0.7793810965161402,0.34438840383884184,0.34438840383884184,0.02338143289548421
0.9079436475409837,0.7753750294167936,0.34262243846058643,0.34262243846058643,0.023261250882503803
0.9114891803278689,0.7714613935403589,0.34089702223177304,0.34089702223177304,0.02314384180621077
0.9150002049180329,0.7674920500000001,0.3391465708174964,0.3391465708174964,0.023024761499999994
0.9184761885245902,0.7637615699999998,0.3375014487469335,0.3375014487469335,0.022912847099999994
0.921916106557377,0.7601199900000002,0.3358952499035567,0.3358952499035567,0.0228035997
0.925318524590164,0.7565662,0.33432746322742724,0.33432746322742724,0.022696985999999995
0.9286817622950819,0.75309913,0.3327975958106131,0.3327975958106131,0.0225929739
0.9320041803278688,0.7497177500000001,0.3313051728249436,0.3313051728249436,0.0224915325
0.9352851229508198,0.74642103,0.3298497198032343,0.3298497198032343,0.022392630900000005
0.9385251639344262,0.743208,0.32843078905141754,0.32843078905141754,0.02229624
0.9417239754098361,0.7397508499999996,0.326903506118849,0.326903506118849,0.022192525499999994
0.9448859426229508,0.7355503599999996,0.3250471902392397,0.3250471902392397,0.022066510799999994
0.9480036475409837,0.7303195000000001,0.32273481781831465,0.32273481781831465,0.021909585
0.9510779098360655,0.7239392400000002,0.31991350681935116,0.31991350681935116,0.0217181772
0.9541100409836065,0.7161737999999999,0.3164786480621673,0.3164786480621673,0.021485213999999996
0.9570999180327868,0.7065352700000003,0.3122139696405214,0.3122139696405214,0.021196058100000005
0.9600477049180328,0.6947989600000003,0.3070193426704472,0.3070193426704472,0.020843968799999998
0.9629569262295082,0.6810035400000003,0.3009107899841391,0.3009107899841391,0.0204301062
0.9658382786885247,0.6646039899999996,0.2936453816606288,0.2936453816606288,0.019938119699999986
0.9687103278688525,0.64487889,0.2849007760129613,0.2849007760129613,0.019346366700000003
0.9715990983606557,0.621938679999999,0.2747210946528974,0.2747210946528974,0.01865816039999998
0.9745367213114754,0.59600321,0.2631967196047918,0.2631967196047918,0.01788009629999998
0.9775461885245901,0.56732607,0.2504294529982905,0.2504294529982905,0.01701978209999996
0.9806188114754097,0.5368067800000007,0.23679861529411012,0.23679861529411012,0.0161042034
0.9837048770491803,0.50549624,0.22273221214546002,0.22273221214546002,0.015164887199999977
0.9867208606557377,0.47468196999999995,0.20873434272635785,0.20873434272635785,0.01424045909999998
0.9895599590163934,0.4457454000000019,0.19560997397527793,0.19560997397527793,0.013372362000000002
0.9921341393442623,0.41922189000000004,0.18379440789194226,0.18379440789194226,0.0125766567
0.9944104918032787,0.39576839,0.17358642527313753,0.17358642527313753,0.011873051699999984
0.9963830327868852,0.3761153899999985,0.1646830187592026,0.1646830187592026,0.011283461699999987
0.9980970901639344,0.35962866,0.15413006712193608,0.15413006712193608,0.0107888598
0.9995716803278689,0.34551656999999997,0.13922472200927904,0.13922472200927904,0.0103654971
