rho,ne,nD,nT,nHe
0.0,1.369667786898692,0.5599759545549114,0.5599759545549114,0.08982336228278717
0.005,1.3696552381393565,0.5599738333939263,0.5599738333939263,0.08981933590172896
0.01,1.3696176830158222,0.5599675095034485,0.5599675095034485,0.089807260219009
0.015,1.3695551092704945,0.5599569801457355,0.5599569801457355,0.0897871320197039
0.02,1.3694674559955489,0.5599422222639168,0.5599422222639168,0.08975894568820655
0.025,1.3693547636354133,0.5599232524500224,0.5599232524500224,0.0897227037338529
0.03,1.3692169739889744,0.5599000461234265,0.5599000461234265,0.08967840350383662
0.035,1.3690541302114965,0.55987261883242,0.55987261883242,0.08962605016926822
0.04,1.3688662268162617,0.5598409650111975,0.5598409650111975,0.08956564717985006
0.045,1.368653259675924,0.559805078063242,0.559805078063242,0.08949719985604357
0.05,1.3684152260235798,0.5597649503341977,0.5597649503341977,0.0894207150626343
0.055,1.3681521744535556,0.559720594342162,0.559720594342162,0.08933620424224112
0.06,1.3678640549219072,0.5596719798678618,0.5596719798678618,0.08924367494747283
0.065,1.3675508687466364,0.5596190961716928,0.5596190961716928,0.08914313958858137
0.07,1.367212718607621,0.5595619716130282,0.5595619716130282,0.08903461972383302
0.075,1.3668495585462583,0.5595005724753911,0.5595005724753911,0.08891812880034494
0.08,1.366461443964824,0.5594349033699347,0.5594349033699347,0.08879369000689664
0.085,1.366048331625545,0.5593649262578871,0.5593649262578871,0.08866132278348629
0.09,1.365610279649387,0.5592906422460323,0.5592906422460323,0.08852105543148245
0.095,1.3651473475145572,0.5592120506900125,0.5592120506900125,0.08837291906940026
0.1,1.3646594960547214,0.5591291059875938,0.5591291059875938,0.08821694307554018
0.105,1.3641468374569379,0.5590418225774959,0.5590418225774959,0.08805316881290576
0.11,1.363609335259308,0.5589501506501515,0.5589501506501515,0.08788163169029668
0.115,1.3630470543483428,0.5588540771781902,0.5588540771781902,0.08770237856065288
0.12,1.3624600109560505,0.5587535665208866,0.5587535665208866,0.08751545608720687
0.125,1.3618482726567376,0.5586485989179184,0.5586485989179184,0.08732091971331742
0.13,1.3612118583635386,0.5585391311389476,0.5585391311389476,0.08711882547963094
0.135,1.3605507883246581,0.558425114994163,0.558425114994163,0.08690923541926461
0.14,1.359865184119342,0.55830654020818,0.55830654020818,0.08669222173139456
0.145,1.3591550186535695,0.5581833292738538,0.5581833292738538,0.08646785407634938
0.15,1.3584204161554712,0.5580554616792214,0.5580554616792214,0.08623621674119963
0.155,1.3576613521704743,0.5579228509530053,0.5579228509530053,0.08599739012570885
0.16,1.356877903556178,0.5577854451082997,0.5577854451082997,0.08575146830909855
0.165,1.3560701484769555,0.5576431879101084,0.5576431879101084,0.08549855071677794
0.17,1.3552381163982936,0.5574959957142251,0.5574959957142251,0.08523874135925952
0.175,1.3543819380808615,0.5573438202240699,0.5573438202240699,0.08497215714585903
0.18,1.3535015455743202,0.5571865251609531,0.5571865251609531,0.08469890944603028
0.185,1.3525971722108676,0.5570240900831385,0.5570240900831385,0.08441913659097547
0.19,1.3516687525985254,0.5568563651918156,0.5568563651918156,0.08413296518960053
0.195,1.3507163726141702,0.5566832547043731,0.5566832547043731,0.0838405399280203
0.2,1.3497427998318865,0.5565054790739434,0.5565054790739434,0.08354247852299947
0.205,1.3487585747439121,0.5563261227618408,0.5563261227618408,0.08324077191478561
0.21,1.347784771459855,0.5561520407277444,0.5561520407277444,0.08293867496903971
0.215,1.3468372661721122,0.5559886658224061,0.5559886658224061,0.08263835570288572
0.22,1.3459188847564605,0.5558369205374784,0.5558369205374784,0.08234024574402218
0.225,1.3450301027730522,0.5556969148375094,0.5556969148375094,0.08204446462303248
0.23,1.344170845467294,0.555568561122065,0.555568561122065,0.08175106627038634
0.235,1.3433410377705988,0.5554517758960695,0.5554517758960695,0.08146010018046024
0.24,1.3425406043010175,0.5553464755862743,0.5553464755862743,0.08117161571104728
0.245,1.3417694693637519,0.5552525766820621,0.5552525766820621,0.08088566200059456
0.25,1.3410275569515455,0.5551699941846076,0.5551699941846076,0.08060228934048003
0.255,1.3403148407449579,0.5550986637646851,0.5550986637646851,0.08032155110296615
0.26,1.339631144112521,0.5550384582611827,0.5550384582611827,0.08004349201157737
0.265,1.3389763901107785,0.5549892916301535,0.5549892916301535,0.07976816309497187
0.27,1.338350401484209,0.55495103696915,0.55495103696915,0.07949560842985451
0.275,1.337752100665038,0.5549231964431393,0.5549231964431393,0.0792258159976642
0.28,1.3371748097729317,0.554902967818522,0.554902967818522,0.07895842222737082
0.285,1.3365801830416086,0.5548745128074706,0.5548745128074706,0.07869108089056452
0.29,1.3358587286710357,0.5547926793579148,0.5547926793579148,0.07841702155441031
0.295,1.3349208011287768,0.5546203629576029,0.5546203629576029,0.078130843730898
0.3,1.3337518256349703,0.5543512928866501,0.5543512928866501,0.07783191660138335
0.305,1.3323502810455314,0.5539845759649253,0.5539845759649253,0.07752042177194082
0.31,1.3307169992308199,0.553520294317749,0.553520294317749,0.07719668026581201
0.315,1.3288531144267037,0.5529586588988594,0.5529586588988594,0.07686102626653855
0.32,1.3267600625587819,0.5523000110792409,0.5523000110792409,0.07651380517693458
0.325,1.324439230540543,0.5515446799797273,0.5515446799797273,0.07615534990391505
0.33,1.3218922555462336,0.5506931032950186,0.5506931032950186,0.07578600168772785
0.335,1.3191207742592101,0.5497457252833016,0.5497457252833016,0.07540609319846095
0.34,1.316126422096554,0.5487029971972406,0.5487029971972406,0.07501594770927805
0.345,1.3129111824107242,0.5475655205927059,0.5475655205927059,0.07461590094307492
0.35,1.3094768356690252,0.5463338193894289,0.5463338193894289,0.07420626797866899
0.355,1.305825508611668,0.5450085667115017,0.5450085667115017,0.0737873766194177
0.36,1.3019593233891935,0.5435904281251205,0.5435904281251205,0.07335955850384157
0.365,1.2978818466800384,0.5420806087141506,0.5420806087141506,0.07292329324784155
0.37,1.2936039049291252,0.5404829435463077,0.5404829435463077,0.07247990282092433
0.375,1.2891566035159396,0.5388087397323782,0.5388087397323782,0.07203293604184427
0.38,1.2845669255743886,0.5370679755778837,0.5370679755778837,0.0715853011518647
0.385,1.2798411889074697,0.5352631793972863,0.5352631793972863,0.07113747272264372
0.39,1.2749828298506178,0.5333958800928349,0.5333958800928349,0.07068954392565628
0.395,1.2699948009970599,0.5314674422081057,0.5314674422081057,0.0702415412059654
0.4,1.2648803688273154,0.5294793721965814,0.5294793721965814,0.06979349796868535
0.405,1.2596427112493558,0.5274331445805474,0.5274331445805474,0.06934543839428389
0.41,1.25428521505615,0.5253303254668712,0.5253303254668712,0.06889739478674807
0.415,1.2488114733075337,0.5231779460868892,0.5231779460868892,0.06844956928591127
0.42,1.2432249826435084,0.520970071361999,0.520970071361999,0.06800175171679906
0.425,1.2375295405362212,0.5187107921565544,0.5187107921565544,0.06755407492017307
0.43,1.2317289424879974,0.5164018514339545,0.5164018514339545,0.06710658637613931
0.435,1.2258271291828795,0.5140450533874459,0.5140450533874459,0.0666593410162178
0.44,1.2198280835991961,0.5116422214320254,0.5116422214320254,0.066212394458082
0.445,1.2137364280907075,0.5091954517873551,0.5091954517873551,0.06576583202605232
0.45,1.2075591714438858,0.5067078726776738,0.5067078726776738,0.06531983538813965
0.455,1.20131738698333,0.5041886942009952,0.5041886942009952,0.06487515383100287
0.46,1.1950724272022637,0.5016645497049315,0.5016645497049315,0.06443415627657814
0.465,1.1888763984899942,0.499158056248182,0.499158056248182,0.06399885649624082
0.47,1.1827378478780466,0.49667297611225364,0.49667297611225364,0.06356952930939665
0.475,1.1766577261289066,0.494209785648059,0.494209785648059,0.06314614404166953
0.48,1.170635787687116,0.49176844098453854,0.49176844098453854,0.06272862468841914
0.485,1.1646714406310779,0.4893487503758203,0.4893487503758203,0.062316879318665655
0.49,1.1587640966255668,0.48695052153850177,0.48695052153850177,0.06191081826339565
0.495,1.1529131708749298,0.48457356330223483,0.48457356330223483,0.061510352509968946
0.5,1.1471181320769694,0.4822177061786507,0.4822177061786507,0.06111539671762322
0.505,1.1413784023774955,0.47988276019643933,0.47988276019643933,0.06072586407348593
0.51,1.1356934073255376,0.4775685361081369,0.4775685361081369,0.06034166865835436
0.515,1.1300625258292105,0.4752748240697338,0.4752748240697338,0.05996272310986328
0.52,1.1244853401122148,0.4730014994139985,0.4730014994139985,0.05958895124051963
0.525,1.1189611856709754,0.4707483322294289,0.4707483322294289,0.05922026533839706
0.53,1.113489601232393,0.4685151781167166,0.4685151781167166,0.058856588413112254
0.535,1.1080701787122138,0.4663019133513054,0.4663019133513054,0.058497848054727825
0.54,1.1027025434460278,0.4641084255105096,0.4641084255105096,0.0581439768005414
0.545,1.09738749408344,0.4619350864567694,0.4619350864567694,0.057794979417340804
0.55,1.0921254602466421,0.45978211517730666,0.45978211517730666,0.057450838782839415
0.555,1.086916256849792,0.4576494792516805,0.4576494792516805,0.057111497053602696
0.56,1.08175940138986,0.4555370218799145,0.4555370218799145,0.056776879905124415
0.565,1.0766544139249246,0.4534445868600583,0.4534445868600583,0.05644691359730793
0.57,1.0716009170526444,0.4513720598177701,0.4513720598177701,0.0561215312035377
0.575,1.0665983858889072,0.4493192637867569,0.4493192637867569,0.05580065861841048
0.58,1.0616464480466588,0.44728608520867785,0.44728608520867785,0.0554842305463235
0.585,1.0567445836149074,0.44527234729414683,0.44527234729414683,0.05517217514963773
0.59,1.0518924251379174,0.4432779369249912,0.4432779369249912,0.05486442912533098
0.595,1.047089557594572,0.4413027199503211,0.4413027199503211,0.05456092773835843
0.6,1.0423355183779264,0.43934654184006344,0.43934654184006344,0.054261604135588795
0.605,1.0376298972749398,0.43740926863782675,0.43740926863782675,0.05396639575252782
0.61,1.032972286446391,0.43549076749550536,0.43549076749550536,0.05367524004611729
0.615,1.0283622804069776,0.43359090549738455,0.43359090549738455,0.05338807570949951
0.62,1.0237992760056003,0.43170946687003453,0.43170946687003453,0.053104830598708255
0.625,1.0192823094079693,0.4298460905527903,0.4298460905527903,0.05282540626891894
0.63,1.014808429722301,0.427999603575218,0.427999603575218,0.05254957207802812
0.635,1.0103748839186832,0.4261689088371853,0.4261689088371853,0.05227711583438229
0.64,1.0059811036639752,0.42435379810228746,0.42435379810228746,0.05200797447602451
0.645,1.0016268207570314,0.4225541842691077,0.4225541842691077,0.05174210661489767
0.65,0.9973119771464188,0.42077006746676193,0.42077006746676193,0.051479483195470466
0.655,0.9930363699479521,0.419001386416823,0.419001386416823,0.05122006800240416
0.66,0.9887998814620566,0.41724811596937855,0.41724811596937855,0.05096382905867793
0.665,0.984602379190962,0.415510224070694,0.415510224070694,0.050710734303467904
0.67,0.980443735855725,0.41378768109639746,0.41378768109639746,0.050460751704847755
0.675,0.9763238294130907,0.41208045900556467,0.41208045900556467,0.05021385013182042
0.68,0.9722425230721896,0.4103885235852814,0.4103885235852814,0.04996999770166015
0.685,0.9681996903110764,0.4087118443719987,0.4087118443719987,0.04972916361447326
0.69,0.9641952098931175,0.4070503935106733,0.4070503935106733,0.04949131701081234
0.695,0.9602289408832194,0.40540413374518075,0.40540413374518075,0.04925642705847223
0.7,0.9563007726639151,0.4037730409283345,0.4037730409283345,0.049024464270904365
0.705,0.9524105799513006,0.40215708384408766,0.40215708384408766,0.04879539924931115
0.71,0.9485582457730369,0.400556232676583,0.400556232676583,0.048569205266580574
0.715,0.9447435943001027,0.3989704236686751,0.3989704236686751,0.04834586221976912
0.72,0.9409664493415079,0.39739959430929606,0.39739959430929606,0.04812534848021536
0.725,0.9372267354579831,0.3958437337570768,0.3958437337570768,0.04790763792713829
0.73,0.9335245975725042,0.3943029238222006,0.3943029238222006,0.04769271621734551
0.735,0.9298614659858475,0.3927777809587614,0.3927777809587614,0.04748064413259668
0.74,0.9262462163920285,0.3912720170458578,0.3912720170458578,0.04727191875351955
0.745,0.922731052704427,0.3898073700023509,0.3898073700023509,0.04706956337911586
0.75,0.9191857086668479,0.38832969526780386,0.38832969526780386,0.04686593019208184
0.755,0.9156750886647089,0.3868659948441127,0.3868659948441127,0.04666480316704777
0.76,0.9121984259285177,0.38541597123588217,0.38541597123588217,0.04646611464145526
0.765,0.9087558654348149,0.38397970853946567,0.38397970853946567,0.04626984748888561
0.77,0.905348074004566,0.3825575123400261,0.3825575123400261,0.04607601001809347
0.775,0.9019754888282482,0.381149598420229,0.381149598420229,0.045884590553196915
0.78,0.8986378810244884,0.3797559256152866,0.3797559256152866,0.04569551529264043
0.785,0.8953343704544219,0.3783762115307591,0.3783762115307591,0.04550863789017098
0.79,0.8920634879283739,0.3770099441249116,0.3770099441249116,0.04532375916830695
0.795,0.8888232666464833,0.37565639788788635,0.37565639788788635,0.04514065737040512
0.8,0.8856115136588422,0.37431472604039046,0.37431472604039046,0.04495912785765055
0.805,0.8824261553460556,0.37298409243370084,0.37298409243370084,0.044779017113138676
0.81,0.8792655319099615,0.37166379513097697,0.37166379513097697,0.04460023903683727
0.815,0.8761285392552133,0.37035333815313326,0.37035333815313326,0.04442276883671021
0.82,0.8730145764612707,0.3690524283838269,0.3690524283838269,0.044246618380861524
0.825,0.8699233292008112,0.36776090283223156,0.36776090283223156,0.04407180329700489
0.83,0.8668545957042832,0.3664786547772855,0.3664786547772855,0.04389833452502821
0.835,0.8638082147807044,0.36520559520350054,0.36520559520350054,0.043726224374194496
0.84,0.8607840267390915,0.3639416364614386,0.3639416364614386,0.04355548436542758
0.845,0.857781873270428,0.36268669224213707,0.36268669224213707,0.043386125192890417
0.85,0.8548015973747132,0.3614406775690386,0.3614406775690386,0.0432181566901809
0.855,0.8518078499999999,0.36018837525714065,0.36018837525714065,0.043050096126016665
0.86,0.8488711100000002,0.358960092486415,0.358960092486415,0.04288492733100961
0.865,0.8459557900000001,0.35774049422693427,0.35774049422693427,0.0427211742255526
0.87,0.84306172,0.35652949327672623,0.35652949327672623,0.04255884206124567
0.875,0.8401887800000001,0.3553270244605764,0.3553270244605764,0.042397937553736526
0.88,0.83733679,0.3541329980737562,0.3541329980737562,0.042238463347485794
0.885,0.8345056200000001,0.35294734644774517,0.35294734644774517,0.04208042353264429
0.89,0.8316951200000001,0.3517699942928793,0.3517699942928793,0.041923820137518025
0.895,0.8289051499999999,0.35060087144045726,0.35060087144045726,0.041768654601145226
0.9,0.82613556,0.34943990430473976,0.34943990430473976,0.041614926815228936
0.905,0.82296202,0.3481080914141886,0.3481080914141886,0.0414405792365712
0.91,0.81884099,0.3463760547078424,0.3463760547078424,0.04121741941559188
0.915,0.8135022500000001,0.34412962749621895,0.34412962749621895,0.040931498668121125
0.92,0.80654604,0.3411998248275851,0.3411998248275851,0.04056226072168651
0.925,0.7973282900000005,0.3373141827632937,0.3373141827632937,0.040076817903803144
0.93,0.7852189900000001,0.33220551879911964,0.33220551879911964,0.0394436287181913
0.935,0.76987869,0.32572873199291413,0.32572873199291413,0.03864661879061879
0.94,0.7510299200000007,0.31776438256813205,0.31776438256813205,0.03767301280885651
0.945,0.7277363100000006,0.3079132713592405,0.3079132713592405,0.03647686015002414
0.95,0.6991039699999999,0.2957918698298599,0.2957918698298599,0.03501556011420002
0.955,0.6657449899999983,0.2816518136443423,0.2816518136443423,0.033323031698046936
0.96,0.6287588800000008,0.26594845801146755,0.26594845801146755,0.03145612445092361
0.965,0.5891736499999992,0.24910093298238484,0.24910093298238484,0.029466281419803987
0.97,0.54887013,0.23187862500077364,0.23187862500077364,0.027446040983402354
0.975,0.5101641100000001,0.21520484388893077,0.21520484388893077,0.025508849545722398
0.98,0.4747383699999994,0.1996729628703768,0.1996729628703768,0.02373703083877446
0.985,0.4443464400000011,0.18655152186828336,0.18655152186828336,0.02221733435152857
0.99,0.42015858,0.17641452877793506,0.17641452877793506,0.021007929833147886
0.995,0.40083660999999954,0.16818916899829248,0.16818916899829248,0.020041830522005845
1.0,0.3845744,0.15830413261238302,0.15830413261238302,0.019228720000035632
